   Node        x            y            z             Owner
 ------- ------------ ------------ ------------ -----------------
       1      11.0000      30.0000       0.0000 vertex.7
       2      11.0000      26.0000       0.0000 vertex.6
       6      15.0000      26.0000       0.0000 vertex.5
      10      15.0000      30.0000       0.0000 vertex.4
       3      11.0000      29.0000       0.0000 edge.5
       4      11.0000      28.0000       0.0000 edge.5
       5      11.0000      27.0000       0.0000 edge.5
       7      12.0000      26.0000       0.0000 edge.7
       8      13.0000      26.0000       0.0000 edge.7
       9      14.0000      26.0000       0.0000 edge.7
      11      15.0000      27.0000       0.0000 edge.3
      12      15.0000      28.0000       0.0000 edge.3
      13      15.0000      29.0000       0.0000 edge.3
      14      14.0000      30.0000       0.0000 edge.4
      15      13.0000      30.0000       0.0000 edge.4
      16      12.0000      30.0000       0.0000 edge.4
      47      14.0000      29.0000       0.0000 face.2
      48      14.0000      28.0000       0.0000 face.2
      49      14.0000      27.0000       0.0000 face.2
      50      13.0000      29.0000       0.0000 face.2
      51      13.0000      28.0000       0.0000 face.2
      52      13.0000      27.0000       0.0000 face.2
      53      12.0000      29.0000       0.0000 face.2
      54      12.0000      28.0000       0.0000 face.2
      55      12.0000      27.0000       0.0000 face.2
	  
      17       0.0000       0.0000       0.0000 vertex.2
      32      15.0000       0.0000       0.0000 vertex.3
      56       1.8750       0.0000       0.0000 edge.1
      57       3.7500       0.0000       0.0000 edge.1
      58       5.6250       0.0000       0.0000 edge.1
      59       7.5000       0.0000       0.0000 edge.1
      60       9.3750       0.0000       0.0000 edge.1
      61      11.2500       0.0000       0.0000 edge.1
      62      13.1250       0.0000       0.0000 edge.1
      33      15.0000       1.7333       0.0000 edge.2
      34      15.0000       3.4667       0.0000 edge.2
      35      15.0000       5.2000       0.0000 edge.2
      36      15.0000       6.9333       0.0000 edge.2
      37      15.0000       8.6667       0.0000 edge.2
      38      15.0000      10.4000       0.0000 edge.2
      39      15.0000      12.1333       0.0000 edge.2
      40      15.0000      13.8667       0.0000 edge.2
      41      15.0000      15.6000       0.0000 edge.2
      42      15.0000      17.3333       0.0000 edge.2
      43      15.0000      19.0667       0.0000 edge.2
      44      15.0000      20.8000       0.0000 edge.2
      45      15.0000      22.5333       0.0000 edge.2
      46      15.0000      24.2667       0.0000 edge.2
      18      10.2667      24.2667       0.0000 edge.6
      19       9.5333      22.5333       0.0000 edge.6
      20       8.8000      20.8000       0.0000 edge.6
      21       8.0667      19.0667       0.0000 edge.6
      22       7.3333      17.3333       0.0000 edge.6
      23       6.6000      15.6000       0.0000 edge.6
      24       5.8667      13.8667       0.0000 edge.6
      25       5.1333      12.1333       0.0000 edge.6
      26       4.4000      10.4000       0.0000 edge.6
      27       3.6667       8.6667       0.0000 edge.6
      28       2.9333       6.9333       0.0000 edge.6
      29       2.2000       5.2000       0.0000 edge.6
      30       1.4667       3.4667       0.0000 edge.6
      31       0.7333       1.7333       0.0000 edge.6
      63      13.9177      24.4175       0.0000 face.1
      64      12.8574      24.4966       0.0000 face.1
      65      11.6831      24.3322       0.0000 face.1
      66      13.1254       1.7384       0.0000 face.1
      67      13.1087       3.4723       0.0000 face.1
      68      13.0622       5.2115       0.0000 face.1
      69      13.0003       6.9804       0.0000 face.1
      70      13.0044       8.7715       0.0000 face.1
      71      13.0571      10.5464       0.0000 face.1
      72      13.1241      12.2910       0.0000 face.1
      73      13.1665      14.0098       0.0000 face.1
      74      13.1359      15.7390       0.0000 face.1
      75      12.9633      17.5900       0.0000 face.1
      76      13.0555      19.5235       0.0000 face.1
      77      13.3321      21.4110       0.0000 face.1
      78      13.8046      22.9455       0.0000 face.1
      79       2.2690       1.6104       0.0000 face.1
      80       3.9447       1.8117       0.0000 face.1
      81       5.8190       1.7820       0.0000 face.1
      82       7.6315       1.6859       0.0000 face.1
      83       9.4186       1.6934       0.0000 face.1
      84      11.2562       1.7228       0.0000 face.1
      85       9.0251      16.3675       0.0000 face.1
      86       8.2870      14.8660       0.0000 face.1
      87       7.6934      13.2441       0.0000 face.1
      88       7.1154      11.5189       0.0000 face.1
      89       6.5040       9.7037       0.0000 face.1
      90       5.7881       7.8155       0.0000 face.1
      91       4.8318       5.9942       0.0000 face.1
      92       3.8968       3.9068       0.0000 face.1
      93       2.4148       2.9678       0.0000 face.1
      94      12.8780      23.3097       0.0000 face.1
      95      11.2220       3.4350       0.0000 face.1
      96      11.1051       5.1617       0.0000 face.1
      97      10.8786       6.9867       0.0000 face.1
      98      10.9329       8.8923       0.0000 face.1
      99      11.0939      10.7261       0.0000 face.1
     100      11.2721      12.4690       0.0000 face.1
     101      11.3998      14.1281       0.0000 face.1
     102      11.3608      15.7557       0.0000 face.1
     103      10.5241      17.7895       0.0000 face.1
     104      11.0020      20.1262       0.0000 face.1
     105      11.6763      22.3717       0.0000 face.1
     106       6.0779       3.5735       0.0000 face.1
     107       7.7640       3.2374       0.0000 face.1
     108       9.4059       3.3378       0.0000 face.1
     109      10.0731      15.4186       0.0000 face.1
     110       9.8020      14.2558       0.0000 face.1
     111       9.4669      12.7349       0.0000 face.1
     112       6.7243       5.2591       0.0000 face.1
     113       9.2237       4.9572       0.0000 face.1
     114       8.2702       6.8447       0.0000 face.1
     115       8.7049       9.1032       0.0000 face.1
     116       9.0955      11.0117       0.0000 face.1
     117       7.9019       4.4388       0.0000 face.1
	 

 
  Element    Type   Count        Connectivity
 -------- -------- -------- -----------------------------
        1     quad        4:       10       14       47       13 
        2     quad        4:       14       15       50       47 
        3     quad        4:       15       16       53       50 
        4     quad        4:       16        1        3       53 
        5     quad        4:       13       47       48       12 
        6     quad        4:       47       50       51       48 
        7     quad        4:       50       53       54       51 
        8     quad        4:       53        3        4       54 
        9     quad        4:       12       48       49       11 
       10     quad        4:       48       51       52       49 
       11     quad        4:       51       54       55       52 
       12     quad        4:       54        4        5       55 
       13     quad        4:       11       49        9        6 
       14     quad        4:       49       52        8        9 
       15     quad        4:       52       55        7        8 
       16     quad        4:       55        5        2        7 

       17     quad        4:        6        9       63       46 
       18     quad        4:        9        8       64       63 
       19     quad        4:        8        7       65       64 
       20     quad        4:        7        2       18       65 
       21     quad        4:       32       33       66       62 
       22     quad        4:       33       34       67       66 
       23     quad        4:       34       35       68       67 
       24     quad        4:       35       36       69       68 
       25     quad        4:       36       37       70       69 
       26     quad        4:       37       38       71       70 
       27     quad        4:       38       39       72       71 
       28     quad        4:       39       40       73       72 
       29     quad        4:       40       41       74       73 
       30     quad        4:       41       42       75       74 
       31     quad        4:       42       43       76       75 
       32     quad        4:       43       44       77       76 
       33     quad        4:       44       45       78       77 
       34     quad        4:       45       46       63       78 
       35     quad        4:       17       56       79       31 
       36     quad        4:       56       57       80       79 
       37     quad        4:       57       58       81       80 
       38     quad        4:       58       59       82       81 
       39     quad        4:       59       60       83       82 
       40     quad        4:       60       61       84       83 
       41     quad        4:       61       62       66       84 
       42     quad        4:       18       19      105       65 
       43     quad        4:       19       20      104      105 
       44     quad        4:       20       21      103      104 
       45     quad        4:       21       22       85      103 
       46     quad        4:       22       23       86       85 
       47     quad        4:       23       24       87       86 
       48     quad        4:       24       25       88       87 
       49     quad        4:       25       26       89       88 
       50     quad        4:       26       27       90       89 
       51     quad        4:       27       28       91       90 
       52     quad        4:       28       29       92       91 
       53     quad        4:       29       30       93       92 
       54     quad        4:       30       31       79       93 
       55     quad        4:       63       64       94       78 
       56     quad        4:       64       65      105       94 
       57     quad        4:       79       80       92       93 
       58     quad        4:       66       67       95       84 
       59     quad        4:       67       68       96       95 
       60     quad        4:       68       69       97       96 
       61     quad        4:       69       70       98       97 
       62     quad        4:       70       71       99       98 
       63     quad        4:       71       72      100       99 
       64     quad        4:       72       73      101      100 
       65     quad        4:       73       74      102      101 
       66     quad        4:       74       75      103      102 
       67     quad        4:       75       76      104      103 
       68     quad        4:       76       77      105      104 
       69     quad        4:      105       77       78       94 
       70     quad        4:       80       81      106       92 
       71     quad        4:       81       82      107      106 
       72     quad        4:       82       83      108      107 
       73     quad        4:       83       84       95      108 
       74     quad        4:      103       85      109      102 
       75     quad        4:       85       86      110      109 
       76     quad        4:       86       87      111      110 
       77     quad        4:       87       88      116      111 
       78     quad        4:       88       89      115      116 
       79     quad        4:       89       90      114      115 
       80     quad        4:       90       91      112      114 
       81     quad        4:       91       92      106      112 
       82     quad        4:      102      109      110      101 
       83     quad        4:      101      110      111      100 
       84     quad        4:       95       96      113      108 
       85     quad        4:       96       97      114      113 
       86     quad        4:       97       98      115      114 
       87     quad        4:       98       99      116      115 
       88     quad        4:       99      100      111      116 
       89     quad        4:      106      107      117      112 
       90     quad        4:      108      113      117      107 
       91     quad        4:      114      112      117      113 

