********************************************************************************
Probe Values Report, written on Fri Aug 04 22:25:40 2017

Source
-------

   ODB: C:/Temp/Job-1.odb
   Step: Step-1
   Frame: Increment     11: Step Time =    1.000
   Variable: U, U2

Probe values reported at nodes

  Part Instance     Node ID                   Orig. Coords                                     Def. Coords                 
                                    X               Y               Z               X               Y               Z      
-------------------------------------------------------------------------------------------------------------------------
    PART-1-1           1             40.              0.              0.             40.     -127.75E-36              0.
    PART-1-1           2             50.              0.              0.             50.              0.              0.
    PART-1-1           3         35.3553         35.3553              0.         35.3606         35.3519              0.
    PART-1-1           4         32.1608         31.9807              0.         32.1669         31.9763              0.
    PART-1-1           5              0.             50.              0.              0.         49.9098              0.
    PART-1-1           6              0.             40.              0.      461.08E-36         39.9602              0.
    PART-1-1           7              0.              0.              0.              0.              0.              0.
    PART-1-1           8         49.0393         9.75452              0.         49.0434         9.75219              0.
    PART-1-1           9          46.194         19.1342              0.         46.2002         19.1318              0.
    PART-1-1          10         41.5735         27.7785              0.           41.58         27.7761              0.
    PART-1-1          11          34.669         26.1767              0.         34.6757         26.1733              0.
    PART-1-1          12         37.1946         18.2408              0.         37.2007         18.2385              0.
    PART-1-1          13         38.9249         9.32963              0.         38.9288         9.32833              0.
    PART-1-1          14         27.7785         41.5735              0.         27.7812         41.5671              0.
    PART-1-1          15         19.1342          46.194              0.          19.133         46.1808              0.
    PART-1-1          16         9.75452         49.0393              0.         9.74759         49.0112              0.
    PART-1-1          17         9.21033         39.1457              0.         9.21503         39.1199              0.
    PART-1-1          18         18.2875         37.1774              0.         18.2932         37.1636              0.
    PART-1-1          19         26.3788         34.4232              0.         26.3845         34.4162              0.
    PART-1-1          20              0.             30.              0.    -40.8892E-36         29.9759              0.
    PART-1-1          21              0.             20.              0.     47.7975E-36         19.9863              0.
    PART-1-1          22              0.             10.              0.    -20.1707E-36         9.99421              0.
    PART-1-1          23             10.              0.              0.             10.     -195.62E-36              0.
    PART-1-1          24             20.              0.              0.             20.    -114.568E-36              0.
    PART-1-1          25             30.              0.              0.             30.     -45.587E-36              0.
    PART-1-1          26         9.40357         29.4442              0.         9.40884         29.4247              0.
    PART-1-1          27         9.73513         19.6706              0.         9.73898         19.6593              0.
    PART-1-1          28         9.92064          9.8277              0.         9.92297         9.82269              0.
    PART-1-1          29         18.6253         28.2148              0.         18.6321         28.2037              0.
    PART-1-1          30         19.2467         18.9781              0.         19.2525         18.9708              0.
    PART-1-1          31         19.6583         9.53224              0.         19.6619         9.52884              0.
    PART-1-1          32          27.088         26.8004              0.         27.0949         26.7944              0.
    PART-1-1          33         28.2488         18.3356              0.          28.255         18.3315              0.
    PART-1-1          34          29.208         9.29937              0.         29.2119         9.29739              0.
    PART-1-1          35             45.              0.              0.             45.              0.              0.
    PART-1-1          36         49.7592         4.90086              0.         49.7615         4.89937              0.
    PART-1-1          37         43.9821         9.54207              0.         43.9859          9.5407              0.
    PART-1-1          38         39.4624         4.66482              0.         39.4644         4.66419              0.
    PART-1-1          39          47.847         14.5142              0.         47.8525         14.5118              0.
    PART-1-1          40         41.6943         18.6875              0.         41.7005         18.6854              0.
    PART-1-1          41         38.0597         13.7852              0.         38.0649         13.7834              0.
    PART-1-1          42         44.0961         23.5698              0.         44.1027         23.5675              0.
    PART-1-1          43         38.1212         26.9776              0.         38.1279         26.9748              0.
    PART-1-1          44         35.9318         22.2088              0.         35.9384         22.2059              0.
    PART-1-1          45         38.6505         31.7197              0.         38.6566         31.7169              0.
    PART-1-1          46         33.7581          33.668              0.         33.7638         33.6641              0.
    PART-1-1          47         33.4149         29.0787              0.         33.4214         29.0748              0.
    PART-1-1          48         31.7197         38.6505              0.         31.7237         38.6459              0.
    PART-1-1          49         27.0786         37.9984              0.          27.083         37.9915              0.
    PART-1-1          50         29.2698          33.202              0.         29.2757         33.1964              0.
    PART-1-1          51         23.5698         44.0961              0.         23.5708         44.0869              0.
    PART-1-1          52         18.7108         41.6857              0.         18.7137         41.6725              0.
    PART-1-1          53         22.3331         35.8003              0.         22.3387         35.7904              0.
    PART-1-1          54         14.5142          47.847              0.         14.5097         47.8288              0.
    PART-1-1          55         9.48242         44.0925              0.         9.48585         44.0628              0.
    PART-1-1          56         13.7489         38.1616              0.         13.7543         38.1424              0.
    PART-1-1          57         4.90086         49.7592              0.         4.89716         49.7136              0.
    PART-1-1          58              0.             45.              0.              0.         44.9378              0.
    PART-1-1          59         4.60517         39.5729              0.         4.61021         39.5359              0.
    PART-1-1          60              0.             35.              0.              0.         34.9696              0.
    PART-1-1          61         4.70179         29.7221              0.         4.70432         29.6996              0.
    PART-1-1          62         9.30695         34.2949              0.         9.31256         34.2719              0.
    PART-1-1          63              0.             25.              0.              0.         24.9815              0.
    PART-1-1          64         4.86756         19.8353              0.         4.86974         19.8224              0.
    PART-1-1          65         9.56935         24.5574              0.         9.57389         24.5422              0.
    PART-1-1          66              0.             15.              0.              0.         14.9906              0.
    PART-1-1          67         4.96032         9.91385              0.         4.96155         9.90829              0.
    PART-1-1          68         9.82789         14.7492              0.         9.83103         14.7411              0.
    PART-1-1          69              0.              5.              0.              0.         4.99737              0.
    PART-1-1          70              5.              0.              0.              5.              0.              0.
    PART-1-1          71         9.96032         4.91385              0.         9.96164         4.91154              0.
    PART-1-1          72         14.0144         28.8295              0.         14.0207         28.8146              0.
    PART-1-1          73         18.4564         32.6961              0.         18.4628         32.6835              0.
    PART-1-1          74         14.4909         19.3243              0.          14.496          19.315              0.
    PART-1-1          75          18.936         23.5965              0.         18.9425         23.5871              0.
    PART-1-1          76         14.7895         9.67997              0.         14.7926         9.67575              0.
    PART-1-1          77         19.4525         14.2552              0.         19.4573         14.2499              0.
    PART-1-1          78             15.              0.              0.             15.              0.              0.
    PART-1-1          79         19.8291         4.76612              0.         19.8312          4.7645              0.
    PART-1-1          80         22.8567         27.5076              0.         22.8635         27.4993              0.
    PART-1-1          81         26.7334         30.6118              0.         26.7399         30.6052              0.
    PART-1-1          82         23.7478         18.6568              0.         23.7538         18.6513              0.
    PART-1-1          83         27.6684          22.568              0.         27.6751         22.5629              0.
    PART-1-1          84         24.4331          9.4158              0.          24.437         9.41318              0.
    PART-1-1          85         28.7284         13.8175              0.         28.7336         13.8145              0.
    PART-1-1          86             25.              0.              0.             25.              0.              0.
    PART-1-1          87          29.604         4.64969              0.         29.6062          4.6487              0.
    PART-1-1          88         30.8785         26.4885              0.         30.8853         26.4841              0.
    PART-1-1          89         32.7217         18.2882              0.         32.7279         18.2852              0.
    PART-1-1          90         34.0664          9.3145              0.         34.0703         9.31299              0.
    PART-1-1          91             35.              0.              0.             35.              0.              0.


  Part Instance     Node ID  Attached elements           U, U2
---------------------------------------------------------------
    PART-1-1           1               1     -127.75E-36
    PART-1-1           1              24     -127.75E-36
    PART-1-1           2               1              0.
    PART-1-1           3               4    -3.42476E-03
    PART-1-1           3               5    -3.42476E-03
    PART-1-1           4               4    -4.39029E-03
    PART-1-1           4               5    -4.39029E-03
    PART-1-1           4              21    -4.39029E-03
    PART-1-1           5               8    -90.1613E-03
    PART-1-1           6               8    -39.8448E-03
    PART-1-1           6               9    -39.8448E-03
    PART-1-1           7              12             -0.
    PART-1-1           8               1    -2.32177E-03
    PART-1-1           8               2    -2.32177E-03
    PART-1-1           9               2    -2.35658E-03
    PART-1-1           9               3    -2.35658E-03
    PART-1-1          10               3    -2.39789E-03
    PART-1-1          10               4    -2.39789E-03
    PART-1-1          11               3    -3.38961E-03
    PART-1-1          11               4    -3.38961E-03
    PART-1-1          11              21    -3.38961E-03
    PART-1-1          11              22    -3.38961E-03
    PART-1-1          12               2    -2.35066E-03
    PART-1-1          12               3    -2.35066E-03
    PART-1-1          12              22    -2.35066E-03
    PART-1-1          12              23    -2.35066E-03
    PART-1-1          13               1    -1.30623E-03
    PART-1-1          13               2    -1.30623E-03
    PART-1-1          13              23    -1.30623E-03
    PART-1-1          13              24    -1.30623E-03
    PART-1-1          14               5    -6.39019E-03
    PART-1-1          14               6    -6.39019E-03
    PART-1-1          15               6    -13.2069E-03
    PART-1-1          15               7    -13.2069E-03
    PART-1-1          16               7    -28.0795E-03
    PART-1-1          16               8    -28.0795E-03
    PART-1-1          17               7    -25.7807E-03
    PART-1-1          17               8    -25.7807E-03
    PART-1-1          17               9    -25.7807E-03
    PART-1-1          17              13    -25.7807E-03
    PART-1-1          18               6    -13.8477E-03
    PART-1-1          18               7    -13.8477E-03
    PART-1-1          18              13    -13.8477E-03
    PART-1-1          18              17    -13.8477E-03
    PART-1-1          19               5    -7.05327E-03
    PART-1-1          19               6    -7.05327E-03
    PART-1-1          19              17    -7.05327E-03
    PART-1-1          19              21    -7.05327E-03
    PART-1-1          20               9    -24.1355E-03
    PART-1-1          20              10    -24.1355E-03
    PART-1-1          21              10    -13.6928E-03
    PART-1-1          21              11    -13.6928E-03
    PART-1-1          22              11    -5.78734E-03
    PART-1-1          22              12    -5.78734E-03
    PART-1-1          23              12     -195.62E-36
    PART-1-1          23              16     -195.62E-36
    PART-1-1          24              16    -114.568E-36
    PART-1-1          24              20    -114.568E-36
    PART-1-1          25              20     -45.587E-36
    PART-1-1          25              24     -45.587E-36
    PART-1-1          26               9    -19.4438E-03
    PART-1-1          26              10    -19.4438E-03
    PART-1-1          26              13    -19.4438E-03
    PART-1-1          26              14    -19.4438E-03
    PART-1-1          27              10     -11.348E-03
    PART-1-1          27              11     -11.348E-03
    PART-1-1          27              14     -11.348E-03
    PART-1-1          27              15     -11.348E-03
    PART-1-1          28              11     -5.0075E-03
    PART-1-1          28              12     -5.0075E-03
    PART-1-1          28              15     -5.0075E-03
    PART-1-1          28              16     -5.0075E-03
    PART-1-1          29              13    -11.1821E-03
    PART-1-1          29              14    -11.1821E-03
    PART-1-1          29              17    -11.1821E-03
    PART-1-1          29              18    -11.1821E-03
    PART-1-1          30              14    -7.24625E-03
    PART-1-1          30              15    -7.24625E-03
    PART-1-1          30              18    -7.24625E-03
    PART-1-1          30              19    -7.24625E-03
    PART-1-1          31              15    -3.39327E-03
    PART-1-1          31              16    -3.39327E-03
    PART-1-1          31              19    -3.39327E-03
    PART-1-1          31              20    -3.39327E-03
    PART-1-1          32              17      -5.961E-03
    PART-1-1          32              18      -5.961E-03
    PART-1-1          32              21      -5.961E-03
    PART-1-1          32              22      -5.961E-03
    PART-1-1          33              18    -4.06482E-03
    PART-1-1          33              19    -4.06482E-03
    PART-1-1          33              22    -4.06482E-03
    PART-1-1          33              23    -4.06482E-03
    PART-1-1          34              19    -1.97692E-03
    PART-1-1          34              20    -1.97692E-03
    PART-1-1          34              23    -1.97692E-03
    PART-1-1          34              24    -1.97692E-03
    PART-1-1          35               1              0.
    PART-1-1          36               1    -1.48859E-03
    PART-1-1          37               1    -1.36968E-03
    PART-1-1          37               2    -1.36968E-03
    PART-1-1          38               1    -628.794E-06
    PART-1-1          38              24    -628.794E-06
    PART-1-1          39               2    -2.43564E-03
    PART-1-1          40               2    -2.13284E-03
    PART-1-1          40               3    -2.13284E-03
    PART-1-1          41               2    -1.83882E-03
    PART-1-1          41              23    -1.83882E-03
    PART-1-1          42               3    -2.30814E-03
    PART-1-1          43               3    -2.77479E-03
    PART-1-1          43               4    -2.77479E-03
    PART-1-1          44               3    -2.86669E-03
    PART-1-1          44              22    -2.86669E-03
    PART-1-1          45               4    -2.74923E-03
    PART-1-1          46               4    -3.87209E-03
    PART-1-1          46               5    -3.87209E-03
    PART-1-1          47               4     -3.8611E-03
    PART-1-1          47              21     -3.8611E-03
    PART-1-1          48               5    -4.61523E-03
    PART-1-1          49               5    -6.86613E-03
    PART-1-1          49               6    -6.86613E-03
    PART-1-1          50               5    -5.56182E-03
    PART-1-1          50              21    -5.56182E-03
    PART-1-1          51               6    -9.14258E-03
    PART-1-1          52               6    -13.1699E-03
    PART-1-1          52               7    -13.1699E-03
    PART-1-1          53               6    -9.92538E-03
    PART-1-1          53              17    -9.92538E-03
    PART-1-1          54               7      -18.22E-03
    PART-1-1          55               7    -29.6995E-03
    PART-1-1          55               8    -29.6995E-03
    PART-1-1          56               7    -19.2022E-03
    PART-1-1          56              13    -19.2022E-03
    PART-1-1          57               8    -45.6516E-03
    PART-1-1          58               8     -62.218E-03
    PART-1-1          59               8    -36.9235E-03
    PART-1-1          59               9    -36.9235E-03
    PART-1-1          60               9    -30.4319E-03
    PART-1-1          61               9     -22.524E-03
    PART-1-1          61              10     -22.524E-03
    PART-1-1          62               9    -23.0839E-03
    PART-1-1          62              13    -23.0839E-03
    PART-1-1          63              10    -18.5254E-03
    PART-1-1          64              10    -12.9318E-03
    PART-1-1          64              11    -12.9318E-03
    PART-1-1          65              10    -15.1481E-03
    PART-1-1          65              14    -15.1481E-03
    PART-1-1          66              11    -9.42438E-03
    PART-1-1          67              11    -5.55721E-03
    PART-1-1          67              12    -5.55721E-03
    PART-1-1          68              11    -8.02812E-03
    PART-1-1          68              15    -8.02812E-03
    PART-1-1          69              12     -2.6336E-03
    PART-1-1          70              12             -0.
    PART-1-1          71              12    -2.30955E-03
    PART-1-1          71              16    -2.30955E-03
    PART-1-1          72              13    -14.9189E-03
    PART-1-1          72              14    -14.9189E-03
    PART-1-1          73              13    -12.6222E-03
    PART-1-1          73              17    -12.6222E-03
    PART-1-1          74              14    -9.37589E-03
    PART-1-1          74              15    -9.37589E-03
    PART-1-1          75              14    -9.31353E-03
    PART-1-1          75              18    -9.31353E-03
    PART-1-1          76              15    -4.22389E-03
    PART-1-1          76              16    -4.22389E-03
    PART-1-1          77              15    -5.28282E-03
    PART-1-1          77              19    -5.28282E-03
    PART-1-1          78              16             -0.
    PART-1-1          79              16    -1.61746E-03
    PART-1-1          79              20    -1.61746E-03
    PART-1-1          80              17    -8.26096E-03
    PART-1-1          80              18    -8.26096E-03
    PART-1-1          81              17    -6.60687E-03
    PART-1-1          81              21    -6.60687E-03
    PART-1-1          82              18    -5.51125E-03
    PART-1-1          82              19    -5.51125E-03
    PART-1-1          83              18    -5.04169E-03
    PART-1-1          83              22    -5.04169E-03
    PART-1-1          84              19    -2.62511E-03
    PART-1-1          84              20    -2.62511E-03
    PART-1-1          85              19    -3.01543E-03
    PART-1-1          85              23    -3.01543E-03
    PART-1-1          86              20             -0.
    PART-1-1          87              20    -987.068E-06
    PART-1-1          87              24    -987.068E-06
    PART-1-1          88              21    -4.46794E-03
    PART-1-1          88              22    -4.46794E-03
    PART-1-1          89              22     -3.0274E-03
    PART-1-1          89              23     -3.0274E-03
    PART-1-1          90              23    -1.51376E-03
    PART-1-1          90              24    -1.51376E-03
    PART-1-1          91              24              0.


