********************************************************************************
Probe Values Report, written on Fri Aug 04 22:26:03 2017

Source
-------

   ODB: C:/Temp/Job-1.odb
   Step: Step-1
   Frame: Increment     11: Step Time =    1.000
   Variable: S, S11 (Avg: 75)

Probe values reported at nodes

  Part Instance     Node ID                   Orig. Coords                                     Def. Coords                 
                                    X               Y               Z               X               Y               Z      
-------------------------------------------------------------------------------------------------------------------------
    PART-1-1           1             40.              0.              0.             40.     -127.75E-36              0.
    PART-1-1           2             50.              0.              0.             50.              0.              0.
    PART-1-1           3         35.3553         35.3553              0.         35.3606         35.3519              0.
    PART-1-1           4         32.1608         31.9807              0.         32.1669         31.9763              0.
    PART-1-1           5              0.             50.              0.              0.         49.9098              0.
    PART-1-1           6              0.             40.              0.      461.08E-36         39.9602              0.
    PART-1-1           7              0.              0.              0.              0.              0.              0.
    PART-1-1           8         49.0393         9.75452              0.         49.0434         9.75219              0.
    PART-1-1           9          46.194         19.1342              0.         46.2002         19.1318              0.
    PART-1-1          10         41.5735         27.7785              0.           41.58         27.7761              0.
    PART-1-1          11          34.669         26.1767              0.         34.6757         26.1733              0.
    PART-1-1          12         37.1946         18.2408              0.         37.2007         18.2385              0.
    PART-1-1          13         38.9249         9.32963              0.         38.9288         9.32833              0.
    PART-1-1          14         27.7785         41.5735              0.         27.7812         41.5671              0.
    PART-1-1          15         19.1342          46.194              0.          19.133         46.1808              0.
    PART-1-1          16         9.75452         49.0393              0.         9.74759         49.0112              0.
    PART-1-1          17         9.21033         39.1457              0.         9.21503         39.1199              0.
    PART-1-1          18         18.2875         37.1774              0.         18.2932         37.1636              0.
    PART-1-1          19         26.3788         34.4232              0.         26.3845         34.4162              0.
    PART-1-1          20              0.             30.              0.    -40.8892E-36         29.9759              0.
    PART-1-1          21              0.             20.              0.     47.7975E-36         19.9863              0.
    PART-1-1          22              0.             10.              0.    -20.1707E-36         9.99421              0.
    PART-1-1          23             10.              0.              0.             10.     -195.62E-36              0.
    PART-1-1          24             20.              0.              0.             20.    -114.568E-36              0.
    PART-1-1          25             30.              0.              0.             30.     -45.587E-36              0.
    PART-1-1          26         9.40357         29.4442              0.         9.40884         29.4247              0.
    PART-1-1          27         9.73513         19.6706              0.         9.73898         19.6593              0.
    PART-1-1          28         9.92064          9.8277              0.         9.92297         9.82269              0.
    PART-1-1          29         18.6253         28.2148              0.         18.6321         28.2037              0.
    PART-1-1          30         19.2467         18.9781              0.         19.2525         18.9708              0.
    PART-1-1          31         19.6583         9.53224              0.         19.6619         9.52884              0.
    PART-1-1          32          27.088         26.8004              0.         27.0949         26.7944              0.
    PART-1-1          33         28.2488         18.3356              0.          28.255         18.3315              0.
    PART-1-1          34          29.208         9.29937              0.         29.2119         9.29739              0.
    PART-1-1          35             45.              0.              0.             45.              0.              0.
    PART-1-1          36         49.7592         4.90086              0.         49.7615         4.89937              0.
    PART-1-1          37         43.9821         9.54207              0.         43.9859          9.5407              0.
    PART-1-1          38         39.4624         4.66482              0.         39.4644         4.66419              0.
    PART-1-1          39          47.847         14.5142              0.         47.8525         14.5118              0.
    PART-1-1          40         41.6943         18.6875              0.         41.7005         18.6854              0.
    PART-1-1          41         38.0597         13.7852              0.         38.0649         13.7834              0.
    PART-1-1          42         44.0961         23.5698              0.         44.1027         23.5675              0.
    PART-1-1          43         38.1212         26.9776              0.         38.1279         26.9748              0.
    PART-1-1          44         35.9318         22.2088              0.         35.9384         22.2059              0.
    PART-1-1          45         38.6505         31.7197              0.         38.6566         31.7169              0.
    PART-1-1          46         33.7581          33.668              0.         33.7638         33.6641              0.
    PART-1-1          47         33.4149         29.0787              0.         33.4214         29.0748              0.
    PART-1-1          48         31.7197         38.6505              0.         31.7237         38.6459              0.
    PART-1-1          49         27.0786         37.9984              0.          27.083         37.9915              0.
    PART-1-1          50         29.2698          33.202              0.         29.2757         33.1964              0.
    PART-1-1          51         23.5698         44.0961              0.         23.5708         44.0869              0.
    PART-1-1          52         18.7108         41.6857              0.         18.7137         41.6725              0.
    PART-1-1          53         22.3331         35.8003              0.         22.3387         35.7904              0.
    PART-1-1          54         14.5142          47.847              0.         14.5097         47.8288              0.
    PART-1-1          55         9.48242         44.0925              0.         9.48585         44.0628              0.
    PART-1-1          56         13.7489         38.1616              0.         13.7543         38.1424              0.
    PART-1-1          57         4.90086         49.7592              0.         4.89716         49.7136              0.
    PART-1-1          58              0.             45.              0.              0.         44.9378              0.
    PART-1-1          59         4.60517         39.5729              0.         4.61021         39.5359              0.
    PART-1-1          60              0.             35.              0.              0.         34.9696              0.
    PART-1-1          61         4.70179         29.7221              0.         4.70432         29.6996              0.
    PART-1-1          62         9.30695         34.2949              0.         9.31256         34.2719              0.
    PART-1-1          63              0.             25.              0.              0.         24.9815              0.
    PART-1-1          64         4.86756         19.8353              0.         4.86974         19.8224              0.
    PART-1-1          65         9.56935         24.5574              0.         9.57389         24.5422              0.
    PART-1-1          66              0.             15.              0.              0.         14.9906              0.
    PART-1-1          67         4.96032         9.91385              0.         4.96155         9.90829              0.
    PART-1-1          68         9.82789         14.7492              0.         9.83103         14.7411              0.
    PART-1-1          69              0.              5.              0.              0.         4.99737              0.
    PART-1-1          70              5.              0.              0.              5.              0.              0.
    PART-1-1          71         9.96032         4.91385              0.         9.96164         4.91154              0.
    PART-1-1          72         14.0144         28.8295              0.         14.0207         28.8146              0.
    PART-1-1          73         18.4564         32.6961              0.         18.4628         32.6835              0.
    PART-1-1          74         14.4909         19.3243              0.          14.496          19.315              0.
    PART-1-1          75          18.936         23.5965              0.         18.9425         23.5871              0.
    PART-1-1          76         14.7895         9.67997              0.         14.7926         9.67575              0.
    PART-1-1          77         19.4525         14.2552              0.         19.4573         14.2499              0.
    PART-1-1          78             15.              0.              0.             15.              0.              0.
    PART-1-1          79         19.8291         4.76612              0.         19.8312          4.7645              0.
    PART-1-1          80         22.8567         27.5076              0.         22.8635         27.4993              0.
    PART-1-1          81         26.7334         30.6118              0.         26.7399         30.6052              0.
    PART-1-1          82         23.7478         18.6568              0.         23.7538         18.6513              0.
    PART-1-1          83         27.6684          22.568              0.         27.6751         22.5629              0.
    PART-1-1          84         24.4331          9.4158              0.          24.437         9.41318              0.
    PART-1-1          85         28.7284         13.8175              0.         28.7336         13.8145              0.
    PART-1-1          86             25.              0.              0.             25.              0.              0.
    PART-1-1          87          29.604         4.64969              0.         29.6062          4.6487              0.
    PART-1-1          88         30.8785         26.4885              0.         30.8853         26.4841              0.
    PART-1-1          89         32.7217         18.2882              0.         32.7279         18.2852              0.
    PART-1-1          90         34.0664          9.3145              0.         34.0703         9.31299              0.
    PART-1-1          91             35.              0.              0.             35.              0.              0.


  Part Instance     Node ID  Attached elements          S, S11
---------------------------------------------------------------
    PART-1-1           1               1         -18.644
    PART-1-1           1              24         -18.644
    PART-1-1           2               1        -52.9748
    PART-1-1           3               4         5.43193
    PART-1-1           3               5         5.43193
    PART-1-1           4               4        -11.0825
    PART-1-1           4               5        -11.0825
    PART-1-1           4              21        -11.0825
    PART-1-1           5               8    -1.14853E+03
    PART-1-1           6               8          128.39
    PART-1-1           6               9          128.39
    PART-1-1           7              12        -68.4675
    PART-1-1           8               1         3.53404
    PART-1-1           8               2         3.53404
    PART-1-1           9               2        -1.35593
    PART-1-1           9               3        -1.35593
    PART-1-1          10               3         1.36266
    PART-1-1          10               4         1.36266
    PART-1-1          11               3        -14.8202
    PART-1-1          11               4        -14.8202
    PART-1-1          11              21        -14.8202
    PART-1-1          11              22        -14.8202
    PART-1-1          12               2        -16.1994
    PART-1-1          12               3        -16.1994
    PART-1-1          12              22        -16.1994
    PART-1-1          12              23        -16.1994
    PART-1-1          13               1        -26.8051
    PART-1-1          13               2        -26.8051
    PART-1-1          13              23        -26.8051
    PART-1-1          13              24        -26.8051
    PART-1-1          14               5         9.94016
    PART-1-1          14               6         9.94016
    PART-1-1          15               6         53.8707
    PART-1-1          15               7         53.8707
    PART-1-1          16               7        -124.861
    PART-1-1          16               8        -124.861
    PART-1-1          17               7        -204.704
    PART-1-1          17               8        -204.704
    PART-1-1          17               9        -204.704
    PART-1-1          17              13        -204.704
    PART-1-1          18               6        -43.3192
    PART-1-1          18               7        -43.3192
    PART-1-1          18              13        -43.3192
    PART-1-1          18              17        -43.3192
    PART-1-1          19               5        -26.0802
    PART-1-1          19               6        -26.0802
    PART-1-1          19              17        -26.0802
    PART-1-1          19              21        -26.0802
    PART-1-1          20               9         18.9311
    PART-1-1          20              10         18.9311
    PART-1-1          21              10         37.5029
    PART-1-1          21              11         37.5029
    PART-1-1          22              11        -9.24789
    PART-1-1          22              12        -9.24789
    PART-1-1          23              12        -62.1039
    PART-1-1          23              16        -62.1039
    PART-1-1          24              16        -46.5592
    PART-1-1          24              20        -46.5592
    PART-1-1          25              20        -30.5547
    PART-1-1          25              24        -30.5547
    PART-1-1          26               9         30.6953
    PART-1-1          26              10         30.6953
    PART-1-1          26              13         30.6953
    PART-1-1          26              14         30.6953
    PART-1-1          27              10         2.02431
    PART-1-1          27              11         2.02431
    PART-1-1          27              14         2.02431
    PART-1-1          27              15         2.02431
    PART-1-1          28              11         -15.822
    PART-1-1          28              12         -15.822
    PART-1-1          28              15         -15.822
    PART-1-1          28              16         -15.822
    PART-1-1          29              13        -32.4816
    PART-1-1          29              14        -32.4816
    PART-1-1          29              17        -32.4816
    PART-1-1          29              18        -32.4816
    PART-1-1          30              14        -23.6947
    PART-1-1          30              15        -23.6947
    PART-1-1          30              18        -23.6947
    PART-1-1          30              19        -23.6947
    PART-1-1          31              15        -28.3679
    PART-1-1          31              16        -28.3679
    PART-1-1          31              19        -28.3679
    PART-1-1          31              20        -28.3679
    PART-1-1          32              17        -30.3053
    PART-1-1          32              18        -30.3053
    PART-1-1          32              21        -30.3053
    PART-1-1          32              22        -30.3053
    PART-1-1          33              18        -26.8567
    PART-1-1          33              19        -26.8567
    PART-1-1          33              22        -26.8567
    PART-1-1          33              23        -26.8567
    PART-1-1          34              19        -30.8474
    PART-1-1          34              20        -30.8474
    PART-1-1          34              23        -30.8474
    PART-1-1          34              24        -30.8474
    PART-1-1          35               1        -29.5761
    PART-1-1          36               1        -20.9436
    PART-1-1          37               1        -11.4961
    PART-1-1          37               2        -11.4961
    PART-1-1          38               1        -24.1807
    PART-1-1          38              24        -24.1807
    PART-1-1          39               2         3.58195
    PART-1-1          40               2        -8.49416
    PART-1-1          40               3        -8.49416
    PART-1-1          41               2        -19.5145
    PART-1-1          41              23        -19.5145
    PART-1-1          42               3        -1.99194
    PART-1-1          43               3        -6.57502
    PART-1-1          43               4        -6.57502
    PART-1-1          44               3        -15.7967
    PART-1-1          44              22        -15.7967
    PART-1-1          45               4        -1.06887
    PART-1-1          46               4         -4.2711
    PART-1-1          46               5         -4.2711
    PART-1-1          47               4        -15.5136
    PART-1-1          47              21        -15.5136
    PART-1-1          48               5     681.406E-03
    PART-1-1          49               5        -13.5038
    PART-1-1          49               6        -13.5038
    PART-1-1          50               5        -17.2212
    PART-1-1          50              21        -17.2212
    PART-1-1          51               6     524.712E-03
    PART-1-1          52               6         -58.864
    PART-1-1          52               7         -58.864
    PART-1-1          53               6        -40.7173
    PART-1-1          53              17        -40.7173
    PART-1-1          54               7         59.8061
    PART-1-1          55               7        -164.045
    PART-1-1          55               8        -164.045
    PART-1-1          56               7        -30.0329
    PART-1-1          56              13        -30.0329
    PART-1-1          57               8        -448.265
    PART-1-1          58               8        -423.978
    PART-1-1          59               8        -10.1192
    PART-1-1          59               9        -10.1192
    PART-1-1          60               9         164.157
    PART-1-1          61               9         24.7548
    PART-1-1          61              10         24.7548
    PART-1-1          62               9        -51.3779
    PART-1-1          62              13        -51.3779
    PART-1-1          63              10         19.5499
    PART-1-1          64              10         13.2036
    PART-1-1          64              11         13.2036
    PART-1-1          65              10         15.6945
    PART-1-1          65              14         15.6945
    PART-1-1          66              11         15.2652
    PART-1-1          67              11        -14.3503
    PART-1-1          67              12        -14.3503
    PART-1-1          68              11        -3.68565
    PART-1-1          68              15        -3.68565
    PART-1-1          69              12        -34.3612
    PART-1-1          70              12        -67.6394
    PART-1-1          71              12        -35.1929
    PART-1-1          71              16        -35.1929
    PART-1-1          72              13        -22.9619
    PART-1-1          72              14        -22.9619
    PART-1-1          73              13        -48.1608
    PART-1-1          73              17        -48.1608
    PART-1-1          74              14        -7.38117
    PART-1-1          74              15        -7.38117
    PART-1-1          75              14        -24.0076
    PART-1-1          75              18        -24.0076
    PART-1-1          76              15        -23.8426
    PART-1-1          76              16        -23.8426
    PART-1-1          77              15        -22.2549
    PART-1-1          77              19        -22.2549
    PART-1-1          78              16        -54.8046
    PART-1-1          79              16        -36.3029
    PART-1-1          79              20        -36.3029
    PART-1-1          80              17        -29.7515
    PART-1-1          80              18        -29.7515
    PART-1-1          81              17        -23.7068
    PART-1-1          81              21        -23.7068
    PART-1-1          82              18        -22.7833
    PART-1-1          82              19        -22.7833
    PART-1-1          83              18        -26.9636
    PART-1-1          83              22        -26.9636
    PART-1-1          84              19        -29.2916
    PART-1-1          84              20        -29.2916
    PART-1-1          85              19        -28.2722
    PART-1-1          85              23        -28.2722
    PART-1-1          86              20        -37.7365
    PART-1-1          87              20        -33.1993
    PART-1-1          87              24        -33.1993
    PART-1-1          88              21        -19.3767
    PART-1-1          88              22        -19.3767
    PART-1-1          89              22        -21.3373
    PART-1-1          89              23        -21.3373
    PART-1-1          90              23         -24.504
    PART-1-1          90              24         -24.504
    PART-1-1          91              24        -22.6139


