********************************************************************************
Probe Values Report, written on Fri Aug 04 23:31:45 2017

Source
-------

   ODB: C:/Temp/Job-2.odb
   Step: Step-1
   Frame: Increment     11: Step Time =    1.000
   Variable: S, S22 (Avg: 75)

Probe values reported at nodes

  Part Instance     Node ID                   Orig. Coords                                     Def. Coords                 
                                    X               Y               Z               X               Y               Z      
-------------------------------------------------------------------------------------------------------------------------
    PART-1-1           1         35.7143              0.              0.         35.7143     -114.38E-36              0.
    PART-1-1           2             50.              0.              0.             50.              0.              0.
    PART-1-1           3         35.3553         35.3553              0.         35.3606         35.3519              0.
    PART-1-1           4         29.7341         29.5792              0.         29.7407          29.574              0.
    PART-1-1           5              0.             50.              0.              0.         49.9036              0.
    PART-1-1           6              0.         35.7143              0.    -43.3055E-36         35.6818              0.
    PART-1-1           7              0.              0.              0.              0.              0.              0.
    PART-1-1           8         42.8571              0.              0.         42.8571    -26.8487E-36              0.
    PART-1-1           9         49.3844         7.82172              0.         49.3879         7.81955              0.
    PART-1-1          10         47.5528         15.4508              0.         47.5585         15.4485              0.
    PART-1-1          11         44.5503         22.6995              0.         44.5569         22.6972              0.
    PART-1-1          12         40.4509         29.3893              0.         40.4573         29.3868              0.
    PART-1-1          13           31.92         31.8875              0.         31.9261         31.8831              0.
    PART-1-1          14           31.22         25.5897              0.         31.2268         25.5854              0.
    PART-1-1          15         32.8992         19.9993              0.         32.9057         19.9961              0.
    PART-1-1          16         34.2309         13.6491              0.         34.2361         13.6469              0.
    PART-1-1          17         35.1027         6.91328              0.         35.1057          6.9122              0.
    PART-1-1          18         29.3893         40.4509              0.         29.3925         40.4452              0.
    PART-1-1          19         22.6995         44.5503              0.            22.7         44.5406              0.
    PART-1-1          20         15.4508         47.5528              0.          15.448         47.5354              0.
    PART-1-1          21         7.82172         49.3844              0.         7.81382         49.3511              0.
    PART-1-1          22              0.         42.8571              0.     396.319E-36          42.809              0.
    PART-1-1          23         6.85529         35.2815              0.          6.8603          35.254              0.
    PART-1-1          24         13.6612         34.3361              0.         13.6675         34.3181              0.
    PART-1-1          25         20.1453         32.8101              0.         20.1517         32.7989              0.
    PART-1-1          26         25.7715         30.9982              0.          25.778          30.991              0.
    PART-1-1          27              0.         28.5714              0.     56.8917E-36         28.5488              0.
    PART-1-1          28              0.         21.4286              0.     27.4415E-36         21.4137              0.
    PART-1-1          29              0.         14.2857              0.     6.49939E-36         14.2768              0.
    PART-1-1          30              0.         7.14286              0.     -27.557E-36         7.13892              0.
    PART-1-1          31         7.14286              0.              0.         7.14286     -155.17E-36              0.
    PART-1-1          32         14.2857              0.              0.         14.2857    -111.211E-36              0.
    PART-1-1          33         21.4286              0.              0.         21.4286    -70.1565E-36              0.
    PART-1-1          34         28.5714              0.              0.         28.5714    -39.0427E-36              0.
    PART-1-1          35         42.0442         7.24275              0.         42.0473          7.2417              0.
    PART-1-1          36         40.6127         14.3169              0.          40.618         14.3151              0.
    PART-1-1          37         38.4224         20.9929              0.          38.429         20.9904              0.
    PART-1-1          38         35.5033         26.9648              0.           35.51         26.9616              0.
    PART-1-1          39         26.9997         35.4941              0.         27.0051         35.4873              0.
    PART-1-1          40         21.0161         38.4155              0.         21.0207         38.4044              0.
    PART-1-1          41         14.3294         40.6109              0.          14.334         40.5919              0.
    PART-1-1          42         7.25161         42.0335              0.         7.25584         42.0017              0.
    PART-1-1          43         6.86991         28.3398              0.         6.87384         28.3199              0.
    PART-1-1          44         7.00781         21.3093              0.         7.01095         21.2957              0.
    PART-1-1          45         7.11704         14.2193              0.         7.11935         14.2111              0.
    PART-1-1          46          7.1491         7.10432              0.         7.15044         7.10064              0.
    PART-1-1          47         13.6922         27.7156              0.         13.6983          27.701              0.
    PART-1-1          48         13.9483         20.9162              0.         13.9535         20.9057              0.
    PART-1-1          49         14.1621          13.987              0.         14.1661         13.9805              0.
    PART-1-1          50         14.2456         6.99744              0.          14.248         6.99443              0.
    PART-1-1          51         20.2244          26.745              0.         20.2312         26.7354              0.
    PART-1-1          52         20.6441         20.3413              0.         20.6503         20.3341              0.
    PART-1-1          53         21.0187          13.683              0.         21.0235         13.6783              0.
    PART-1-1          54          21.245         6.87383              0.         21.2479          6.8716              0.
    PART-1-1          55         26.0932         25.8199              0.         26.1001         25.8136              0.
    PART-1-1          56         26.8798         19.9164              0.         26.8863         19.9116              0.
    PART-1-1          57         27.6041         13.5159              0.         27.6093         13.5127              0.
    PART-1-1          58         28.1308         6.82574              0.         28.1338         6.82419              0.
    PART-1-1          59         39.2857              0.              0.         39.2857              0.              0.
    PART-1-1          60         42.4507         3.62137              0.         42.4522         3.62087              0.
    PART-1-1          61         38.5734         7.07802              0.         38.5765         7.07703              0.
    PART-1-1          62         35.4085         3.45664              0.         35.4101         3.45608              0.
    PART-1-1          63         46.4286              0.              0.         46.4286              0.              0.
    PART-1-1          64         49.8459         3.92295              0.         49.8478         3.92159              0.
    PART-1-1          65         45.7143         7.53224              0.         45.7175         7.53095              0.
    PART-1-1          66         41.3284         10.7798              0.         41.3327         10.7784              0.
    PART-1-1          67         37.4218          13.983              0.          37.427         13.9811              0.
    PART-1-1          68         34.6668         10.2812              0.          34.671         10.2796              0.
    PART-1-1          69         48.6185         11.6723              0.         48.6233         11.6699              0.
    PART-1-1          70         44.0827         14.8839              0.         44.0883         14.8819              0.
    PART-1-1          71         39.5176         17.6549              0.         39.5236         17.6527              0.
    PART-1-1          72         35.6608         20.4961              0.         35.6673         20.4933              0.
    PART-1-1          73          33.565         16.8242              0.          33.571         16.8215              0.
    PART-1-1          74          46.194         19.1342              0.         46.2003         19.1318              0.
    PART-1-1          75         41.4864         21.8462              0.         41.4929         21.8439              0.
    PART-1-1          76         36.9629         23.9788              0.         36.9696          23.976              0.
    PART-1-1          77         33.3617         26.2773              0.         33.3684         26.2735              0.
    PART-1-1          78         32.0596         22.7945              0.         32.0663         22.7907              0.
    PART-1-1          79          42.632         26.1249              0.         42.6387         26.1226              0.
    PART-1-1          80         37.9771          28.177              0.         37.9836         28.1742              0.
    PART-1-1          81         33.7116         29.4262              0.         33.7181         29.4224              0.
    PART-1-1          82          30.827         30.7334              0.         30.8334         30.7286              0.
    PART-1-1          83          30.477         27.5844              0.         30.4838         27.5797              0.
    PART-1-1          84         38.0203         32.4724              0.         38.0262         32.4696              0.
    PART-1-1          85         33.6376         33.6214              0.         33.6434         33.6175              0.
    PART-1-1          86         32.4724         38.0203              0.         32.4767          38.016              0.
    PART-1-1          87         28.1945         37.9725              0.         28.1989         37.9663              0.
    PART-1-1          88         29.4598         33.6908              0.         29.4656         33.6853              0.
    PART-1-1          89         26.1249          42.632              0.         26.1268         42.6246              0.
    PART-1-1          90         21.8578         41.4829              0.         21.8606         41.4724              0.
    PART-1-1          91         24.0079         36.9548              0.         24.0129         36.9461              0.
    PART-1-1          92         19.1342          46.194              0.         19.1331         46.1809              0.
    PART-1-1          93         14.8901         44.0819              0.         14.8915          44.064              0.
    PART-1-1          94         17.6728         39.5132              0.         17.6772         39.4987              0.
    PART-1-1          95         11.6723         48.6185              0.         11.6665         48.5956              0.
    PART-1-1          96         7.53666          45.709              0.         7.53913          45.674              0.
    PART-1-1          97         10.7905         41.3222              0.         10.7951         41.2973              0.
    PART-1-1          98         3.92295         49.8459              0.         3.91849         49.7954              0.
    PART-1-1          99              0.         46.4286              0.              0.         46.3584              0.
    PART-1-1         100          3.6258         42.4453              0.         3.63089         42.4014              0.
    PART-1-1         101         26.3856         33.2462              0.         26.3916         33.2391              0.
    PART-1-1         102         27.7528         30.2887              0.         27.7593         30.2826              0.
    PART-1-1         103         20.5807         35.6128              0.         20.5865         35.6015              0.
    PART-1-1         104         22.9584         31.9042              0.         22.9649         31.8952              0.
    PART-1-1         105         13.9953         37.4735              0.          14.001         37.4548              0.
    PART-1-1         106         16.9032         33.5731              0.         16.9097         33.5588              0.
    PART-1-1         107         7.05345         38.6575              0.         7.05872         38.6271              0.
    PART-1-1         108         10.2582         34.8088              0.         10.2642         34.7864              0.
    PART-1-1         109              0.         39.2857              0.              0.         39.2469              0.
    PART-1-1         110         3.42764         35.4979              0.         3.43004          35.467              0.
    PART-1-1         111              0.         32.1429              0.              0.         32.1157              0.
    PART-1-1         112         3.43496         28.4556              0.         3.43715         28.4339              0.
    PART-1-1         113          6.8626         31.8106              0.         6.86704         31.7872              0.
    PART-1-1         114              0.             25.              0.              0.         24.9815              0.
    PART-1-1         115          3.5039         21.3689              0.         3.50553         21.3544              0.
    PART-1-1         116         6.93886         24.8245              0.         6.94239         24.8079              0.
    PART-1-1         117              0.         17.8571              0.              0.         17.8454              0.
    PART-1-1         118         3.55852         14.2525              0.         3.55972         14.2438              0.
    PART-1-1         119         7.06242         17.7643              0.         7.06515         17.7535              0.
    PART-1-1         120              0.         10.7143              0.              0.          10.708              0.
    PART-1-1         121         3.57455         7.12359              0.         3.57524         7.11972              0.
    PART-1-1         122         7.13307         10.6618              0.         7.13492          10.656              0.
    PART-1-1         123              0.         3.57143              0.              0.         3.56959              0.
    PART-1-1         124         3.57143              0.              0.         3.57143              0.              0.
    PART-1-1         125         7.14598         3.55216              0.         7.14672         3.55044              0.
    PART-1-1         126         10.2811         28.0277              0.         10.2863         28.0103              0.
    PART-1-1         127         13.6767         31.0259              0.          13.683         31.0094              0.
    PART-1-1         128         10.4781         21.1128              0.         10.4824         21.1006              0.
    PART-1-1         129         13.8203         24.3159              0.          13.826         24.3034              0.
    PART-1-1         130         10.6396         14.1032              0.         10.6428         14.0957              0.
    PART-1-1         131         14.0552         17.4516              0.         14.0599         17.4431              0.
    PART-1-1         132         10.6974         7.05088              0.         10.6993          7.0475              0.
    PART-1-1         133         14.2039         10.4922              0.         14.2071         10.4875              0.
    PART-1-1         134         10.7143              0.              0.         10.7143              0.              0.
    PART-1-1         135         14.2657         3.49872              0.          14.267         3.49729              0.
    PART-1-1         136         16.9583         27.2303              0.         16.9648         27.2183              0.
    PART-1-1         137         20.1849         29.7776              0.         20.1916         29.7671              0.
    PART-1-1         138         17.2962         20.6288              0.          17.302           20.62              0.
    PART-1-1         139         20.4343         23.5432              0.         20.4408         23.5347              0.
    PART-1-1         140         17.5904          13.835              0.         17.5949         13.8294              0.
    PART-1-1         141         20.8314         17.0122              0.          20.837         17.0062              0.
    PART-1-1         142         17.7453         6.93563              0.          17.748         6.93301              0.
    PART-1-1         143         21.1318         10.2784              0.         21.1358          10.275              0.
    PART-1-1         144         17.8571              0.              0.         17.8571              0.              0.
    PART-1-1         145         21.3368         3.43691              0.         21.3384         3.43584              0.
    PART-1-1         146         23.1588         26.2825              0.         23.1657         26.2747              0.
    PART-1-1         147         25.9324         28.4091              0.         25.9392         28.4023              0.
    PART-1-1         148          23.762         20.1289              0.         23.7683          20.123              0.
    PART-1-1         149         26.4865         22.8682              0.         26.4933         22.8626              0.
    PART-1-1         150         24.3114         13.5994              0.         24.3164         13.5956              0.
    PART-1-1         151          27.242         16.7161              0.         27.2479         16.7122              0.
    PART-1-1         152         24.6879         6.84978              0.         24.6909         6.84792              0.
    PART-1-1         153         27.8675         10.1708              0.         27.8717         10.1685              0.
    PART-1-1         154             25.              0.              0.             25.              0.              0.
    PART-1-1         155         28.3511         3.41287              0.         28.3528         3.41211              0.
    PART-1-1         156         28.6566         25.7048              0.         28.6635         25.6996              0.
    PART-1-1         157         29.8895         19.9579              0.          29.896         19.9539              0.
    PART-1-1         158         30.9175         13.5825              0.         30.9227         13.5799              0.
    PART-1-1         159         31.6168         6.86951              0.         31.6198         6.86823              0.
    PART-1-1         160         32.1429              0.              0.         32.1429              0.              0.


  Part Instance     Node ID  Attached elements          S, S22
---------------------------------------------------------------
    PART-1-1           1               1        -55.8618
    PART-1-1           1              45        -55.8618
    PART-1-1           2               2        -139.804
    PART-1-1           3              10         4.46227
    PART-1-1           3              11         4.46227
    PART-1-1           4               9        -30.0666
    PART-1-1           4              16        -30.0666
    PART-1-1           4              41        -30.0666
    PART-1-1           5              15    -2.82771E+03
    PART-1-1           6              20        -394.232
    PART-1-1           6              21        -394.232
    PART-1-1           7              25        -160.074
    PART-1-1           8               1        -44.7225
    PART-1-1           8               2        -44.7225
    PART-1-1           9               2        -41.9263
    PART-1-1           9               4        -41.9263
    PART-1-1          10               4         -9.5434
    PART-1-1          10               6         -9.5434
    PART-1-1          11               6        -2.00903
    PART-1-1          11               8        -2.00903
    PART-1-1          12               8         2.04033
    PART-1-1          12              10         2.04033
    PART-1-1          13               9        -14.5272
    PART-1-1          13              10        -14.5272
    PART-1-1          13              11        -14.5272
    PART-1-1          13              16        -14.5272
    PART-1-1          14               7        -36.3216
    PART-1-1          14               9        -36.3216
    PART-1-1          14              41        -36.3216
    PART-1-1          14              42        -36.3216
    PART-1-1          15               5        -43.5571
    PART-1-1          15               7        -43.5571
    PART-1-1          15              42        -43.5571
    PART-1-1          15              43        -43.5571
    PART-1-1          16               3        -49.5873
    PART-1-1          16               5        -49.5873
    PART-1-1          16              43        -49.5873
    PART-1-1          16              44        -49.5873
    PART-1-1          17               1        -52.0783
    PART-1-1          17               3        -52.0783
    PART-1-1          17              44        -52.0783
    PART-1-1          17              45        -52.0783
    PART-1-1          18              11         1.90751
    PART-1-1          18              12         1.90751
    PART-1-1          19              12         22.9603
    PART-1-1          19              13         22.9603
    PART-1-1          20              13         -14.955
    PART-1-1          20              14         -14.955
    PART-1-1          21              14         199.052
    PART-1-1          21              15         199.052
    PART-1-1          22              15      -1.121E+03
    PART-1-1          22              20      -1.121E+03
    PART-1-1          23              19        -309.874
    PART-1-1          23              20        -309.874
    PART-1-1          23              21        -309.874
    PART-1-1          23              26        -309.874
    PART-1-1          24              18        -131.032
    PART-1-1          24              19        -131.032
    PART-1-1          24              26        -131.032
    PART-1-1          24              31        -131.032
    PART-1-1          25              17        -74.1249
    PART-1-1          25              18        -74.1249
    PART-1-1          25              31        -74.1249
    PART-1-1          25              36        -74.1249
    PART-1-1          26              16        -41.0656
    PART-1-1          26              17        -41.0656
    PART-1-1          26              36        -41.0656
    PART-1-1          26              41        -41.0656
    PART-1-1          27              21        -305.511
    PART-1-1          27              22        -305.511
    PART-1-1          28              22        -241.344
    PART-1-1          28              23        -241.344
    PART-1-1          29              23        -205.012
    PART-1-1          29              24        -205.012
    PART-1-1          30              24        -181.263
    PART-1-1          30              25        -181.263
    PART-1-1          31              25        -152.045
    PART-1-1          31              30        -152.045
    PART-1-1          32              30        -130.594
    PART-1-1          32              35        -130.594
    PART-1-1          33              35         -102.33
    PART-1-1          33              40         -102.33
    PART-1-1          34              40         -74.493
    PART-1-1          34              45         -74.493
    PART-1-1          35               1        -47.5035
    PART-1-1          35               2        -47.5035
    PART-1-1          35               3        -47.5035
    PART-1-1          35               4        -47.5035
    PART-1-1          36               3        -31.5942
    PART-1-1          36               4        -31.5942
    PART-1-1          36               5        -31.5942
    PART-1-1          36               6        -31.5942
    PART-1-1          37               5        -23.3228
    PART-1-1          37               6        -23.3228
    PART-1-1          37               7        -23.3228
    PART-1-1          37               8        -23.3228
    PART-1-1          38               7        -17.7321
    PART-1-1          38               8        -17.7321
    PART-1-1          38               9        -17.7321
    PART-1-1          38              10        -17.7321
    PART-1-1          39              11        -16.7057
    PART-1-1          39              12        -16.7057
    PART-1-1          39              16        -16.7057
    PART-1-1          39              17        -16.7057
    PART-1-1          40              12        -30.3465
    PART-1-1          40              13        -30.3465
    PART-1-1          40              17        -30.3465
    PART-1-1          40              18        -30.3465
    PART-1-1          41              13        -32.6341
    PART-1-1          41              14        -32.6341
    PART-1-1          41              18        -32.6341
    PART-1-1          41              19        -32.6341
    PART-1-1          42              14        -426.893
    PART-1-1          42              15        -426.893
    PART-1-1          42              19        -426.893
    PART-1-1          42              20        -426.893
    PART-1-1          43              21        -258.281
    PART-1-1          43              22        -258.281
    PART-1-1          43              26        -258.281
    PART-1-1          43              27        -258.281
    PART-1-1          44              22        -217.931
    PART-1-1          44              23        -217.931
    PART-1-1          44              27        -217.931
    PART-1-1          44              28        -217.931
    PART-1-1          45              23        -190.115
    PART-1-1          45              24        -190.115
    PART-1-1          45              28        -190.115
    PART-1-1          45              29        -190.115
    PART-1-1          46              24        -170.431
    PART-1-1          46              25        -170.431
    PART-1-1          46              29        -170.431
    PART-1-1          46              30        -170.431
    PART-1-1          47              26        -173.832
    PART-1-1          47              27        -173.832
    PART-1-1          47              31        -173.832
    PART-1-1          47              32        -173.832
    PART-1-1          48              27        -162.515
    PART-1-1          48              28        -162.515
    PART-1-1          48              32        -162.515
    PART-1-1          48              33        -162.515
    PART-1-1          49              28         -153.55
    PART-1-1          49              29         -153.55
    PART-1-1          49              33         -153.55
    PART-1-1          49              34         -153.55
    PART-1-1          50              29        -142.484
    PART-1-1          50              30        -142.484
    PART-1-1          50              34        -142.484
    PART-1-1          50              35        -142.484
    PART-1-1          51              31        -98.4413
    PART-1-1          51              32        -98.4413
    PART-1-1          51              36        -98.4413
    PART-1-1          51              37        -98.4413
    PART-1-1          52              32        -109.743
    PART-1-1          52              33        -109.743
    PART-1-1          52              37        -109.743
    PART-1-1          52              38        -109.743
    PART-1-1          53              33        -111.374
    PART-1-1          53              34        -111.374
    PART-1-1          53              38        -111.374
    PART-1-1          53              39        -111.374
    PART-1-1          54              34        -107.831
    PART-1-1          54              35        -107.831
    PART-1-1          54              39        -107.831
    PART-1-1          54              40        -107.831
    PART-1-1          55              36        -60.0446
    PART-1-1          55              37        -60.0446
    PART-1-1          55              41        -60.0446
    PART-1-1          55              42        -60.0446
    PART-1-1          56              37        -71.0516
    PART-1-1          56              38        -71.0516
    PART-1-1          56              42        -71.0516
    PART-1-1          56              43        -71.0516
    PART-1-1          57              38        -76.0225
    PART-1-1          57              39        -76.0225
    PART-1-1          57              43        -76.0225
    PART-1-1          57              44        -76.0225
    PART-1-1          58              39        -76.1315
    PART-1-1          58              40        -76.1315
    PART-1-1          58              44        -76.1315
    PART-1-1          58              45        -76.1315
    PART-1-1          59               1        -46.4806
    PART-1-1          60               1        -49.1506
    PART-1-1          60               2        -49.1506
    PART-1-1          61               1        -47.0014
    PART-1-1          61               3        -47.0014
    PART-1-1          62               1        -54.6472
    PART-1-1          62              45        -54.6472
    PART-1-1          63               2        -79.7481
    PART-1-1          64               2        -89.4735
    PART-1-1          65               2        -41.8726
    PART-1-1          65               4        -41.8726
    PART-1-1          66               3        -36.0722
    PART-1-1          66               4        -36.0722
    PART-1-1          67               3        -40.0441
    PART-1-1          67               5        -40.0441
    PART-1-1          68               3        -51.8359
    PART-1-1          68              44        -51.8359
    PART-1-1          69               4         -21.854
    PART-1-1          70               4        -23.9497
    PART-1-1          70               6        -23.9497
    PART-1-1          71               5         -28.025
    PART-1-1          71               6         -28.025
    PART-1-1          72               5        -32.4188
    PART-1-1          72               7        -32.4188
    PART-1-1          73               5        -46.6188
    PART-1-1          73              43        -46.6188
    PART-1-1          74               6        -8.95211
    PART-1-1          75               6         -12.537
    PART-1-1          75               8         -12.537
    PART-1-1          76               7        -20.7095
    PART-1-1          76               8        -20.7095
    PART-1-1          77               7        -26.2044
    PART-1-1          77               9        -26.2044
    PART-1-1          78               7        -39.8067
    PART-1-1          78              42        -39.8067
    PART-1-1          79               8        -2.00442
    PART-1-1          80               8        -7.19546
    PART-1-1          80              10        -7.19546
    PART-1-1          81               9        -16.7077
    PART-1-1          81              10        -16.7077
    PART-1-1          82               9        -21.8731
    PART-1-1          82              16        -21.8731
    PART-1-1          83               9        -32.9896
    PART-1-1          83              41        -32.9896
    PART-1-1          84              10         1.13574
    PART-1-1          85              10        -4.96863
    PART-1-1          85              11        -4.96863
    PART-1-1          86              11     276.975E-03
    PART-1-1          87              11        -6.69401
    PART-1-1          87              12        -6.69401
    PART-1-1          88              11        -17.3271
    PART-1-1          88              16        -17.3271
    PART-1-1          89              12         9.34037
    PART-1-1          90              12        -8.85382
    PART-1-1          90              13        -8.85382
    PART-1-1          91              12        -23.3249
    PART-1-1          91              17        -23.3249
    PART-1-1          92              13        -23.8085
    PART-1-1          93              13        -34.2437
    PART-1-1          93              14        -34.2437
    PART-1-1          94              13        -34.2168
    PART-1-1          94              18        -34.2168
    PART-1-1          95              14         190.677
    PART-1-1          96              14        -211.773
    PART-1-1          96              15        -211.773
    PART-1-1          97              14        -127.429
    PART-1-1          97              19        -127.429
    PART-1-1          98              15        -548.602
    PART-1-1          99              15    -2.10832E+03
    PART-1-1         100              15         -456.11
    PART-1-1         100              20         -456.11
    PART-1-1         101              16        -30.9859
    PART-1-1         101              17        -30.9859
    PART-1-1         102              16        -35.3727
    PART-1-1         102              41        -35.3727
    PART-1-1         103              17        -47.2857
    PART-1-1         103              18        -47.2857
    PART-1-1         104              17         -54.905
    PART-1-1         104              36         -54.905
    PART-1-1         105              18        -115.005
    PART-1-1         105              19        -115.005
    PART-1-1         106              18        -94.8114
    PART-1-1         106              31        -94.8114
    PART-1-1         107              19        -251.964
    PART-1-1         107              20        -251.964
    PART-1-1         108              19         -223.05
    PART-1-1         108              26         -223.05
    PART-1-1         109              20        -511.592
    PART-1-1         110              20         -416.46
    PART-1-1         110              21         -416.46
    PART-1-1         111              21         -370.33
    PART-1-1         112              21        -298.673
    PART-1-1         112              22        -298.673
    PART-1-1         113              21        -290.797
    PART-1-1         113              26        -290.797
    PART-1-1         114              22        -276.504
    PART-1-1         115              22        -237.611
    PART-1-1         115              23        -237.611
    PART-1-1         116              22        -235.119
    PART-1-1         116              27        -235.119
    PART-1-1         117              23        -223.622
    PART-1-1         118              23        -202.978
    PART-1-1         118              24        -202.978
    PART-1-1         119              23        -203.704
    PART-1-1         119              28        -203.704
    PART-1-1         120              24        -192.871
    PART-1-1         121              24        -179.229
    PART-1-1         121              25        -179.229
    PART-1-1         122              24        -179.633
    PART-1-1         122              29        -179.633
    PART-1-1         123              25        -169.889
    PART-1-1         124              25        -158.777
    PART-1-1         125              25        -160.418
    PART-1-1         125              30        -160.418
    PART-1-1         126              26        -205.155
    PART-1-1         126              27        -205.155
    PART-1-1         127              26        -159.225
    PART-1-1         127              31        -159.225
    PART-1-1         128              27        -193.335
    PART-1-1         128              28        -193.335
    PART-1-1         129              27        -162.456
    PART-1-1         129              32        -162.456
    PART-1-1         130              28        -173.775
    PART-1-1         130              29        -173.775
    PART-1-1         131              28        -157.426
    PART-1-1         131              33        -157.426
    PART-1-1         132              29        -158.354
    PART-1-1         132              30        -158.354
    PART-1-1         133              29        -147.076
    PART-1-1         133              34        -147.076
    PART-1-1         134              30        -142.883
    PART-1-1         135              30        -135.842
    PART-1-1         135              35        -135.842
    PART-1-1         136              31        -130.378
    PART-1-1         136              32        -130.378
    PART-1-1         137              31        -84.7338
    PART-1-1         137              36        -84.7338
    PART-1-1         138              32        -134.395
    PART-1-1         138              33        -134.395
    PART-1-1         139              32        -104.194
    PART-1-1         139              37        -104.194
    PART-1-1         140              33        -131.734
    PART-1-1         140              34        -131.734
    PART-1-1         141              33        -109.965
    PART-1-1         141              38        -109.965
    PART-1-1         142              34        -125.259
    PART-1-1         142              35        -125.259
    PART-1-1         143              34        -109.168
    PART-1-1         143              39        -109.168
    PART-1-1         144              35        -116.636
    PART-1-1         145              35        -104.832
    PART-1-1         145              40        -104.832
    PART-1-1         146              36        -76.3855
    PART-1-1         146              37        -76.3855
    PART-1-1         147              36        -51.9982
    PART-1-1         147              41        -51.9982
    PART-1-1         148              37        -88.1368
    PART-1-1         148              38        -88.1368
    PART-1-1         149              37        -65.4722
    PART-1-1         149              42        -65.4722
    PART-1-1         150              38        -92.0495
    PART-1-1         150              39        -92.0495
    PART-1-1         151              38        -73.2159
    PART-1-1         151              43        -73.2159
    PART-1-1         152              39        -90.8977
    PART-1-1         152              40        -90.8977
    PART-1-1         153              39        -76.0517
    PART-1-1         153              44        -76.0517
    PART-1-1         154              40        -87.6161
    PART-1-1         155              40        -75.7806
    PART-1-1         155              45        -75.7806
    PART-1-1         156              41        -46.8239
    PART-1-1         156              42        -46.8239
    PART-1-1         157              42        -55.6234
    PART-1-1         157              43        -55.6234
    PART-1-1         158              43        -61.0919
    PART-1-1         158              44        -61.0919
    PART-1-1         159              44         -62.474
    PART-1-1         159              45         -62.474
    PART-1-1         160              45        -63.6341


